m: 3 3 3 3
v: -0.500000 0.000000 3.000000 1.000000 0.000000 0.000000 0.000000 0.000000 -1.000000 0.000000 0.000000
v: -0.000000 0.500000 3.000000 0.000000 1.000000 0.000000 0.000000 0.000000 -1.000000 0.000000 0.000000
v: 0.500000 0.000000 3.000000 0.000000 0.000000 1.000000 0.000000 0.000000 -1.000000 0.000000 0.000000
0 1 2 
